1.000000000 -0.000000000 0.000000000 0.000000030 -0.000000000 1.000000000 0.000000000 -0.000000002 0.000000000 0.000000000 1.000000000 -0.000000000
0.999978721 -0.002339522 -0.006090815 -0.002521484 0.002348477 0.999996185 0.001463623 0.001293773 0.006087368 -0.001477895 0.999980390 0.001544839
0.999928713 -0.003457917 -0.011429398 -0.006873002 0.003469510 0.999993503 0.000994645 0.002812274 0.011425884 -0.001034228 0.999934196 -0.001285502
0.999888361 -0.002426993 -0.014745287 -0.011992582 0.002418632 0.999996901 -0.000584875 0.002623782 0.014746660 0.000549147 0.999891102 0.001959882
0.999880075 -0.001296798 -0.015431446 -0.012522356 0.001286737 0.999998927 -0.000661872 0.001846325 0.015432288 0.000641936 0.999880731 0.002570041
0.999852300 -0.000654797 -0.017172543 -0.014162923 0.000650016 0.999999762 -0.000283946 0.001208853 0.017172724 0.000272743 0.999852479 0.002483478
0.999781191 -0.003018769 -0.020698952 -0.016417988 0.002977689 0.999993563 -0.002015174 0.002166653 0.020704901 0.001953098 0.999783695 0.003651073
0.999737561 -0.002010480 -0.022821384 -0.017206328 0.001922951 0.999990702 -0.003856656 0.001628106 0.022828925 0.003811760 0.999732137 0.006200246
0.999711812 -0.002204303 -0.023905354 -0.017564449 0.002064802 0.999980688 -0.005858689 0.001075967 0.023917807 0.005807640 0.999697030 0.008324143
0.999662340 -0.004520471 -0.025588481 -0.018742025 0.004381603 0.999975383 -0.005480452 -0.000637915 0.025612626 0.005366482 0.999657512 0.009634391
0.999619305 -0.004915577 -0.027149504 -0.017717866 0.004749128 0.999969542 -0.006191930 0.000801989 0.027179115 0.006060637 0.999612212 0.011416313
0.999646604 -0.005221887 -0.026064429 -0.016920241 0.005024169 0.999958158 -0.007645497 0.000521918 0.026103264 0.007511843 0.999631047 0.016408181
0.999729693 -0.004231195 -0.022858972 -0.012580760 0.004057333 0.999962449 -0.007646917 -0.003510161 0.022890467 0.007552105 0.999709487 0.015093666
0.999801517 -0.003344829 -0.019640345 -0.005690951 0.003198427 0.999966800 -0.007480866 -0.004994669 0.019664712 0.007416564 0.999779165 0.017138904
0.999890625 -0.005634175 -0.013674858 0.002512659 0.005528401 0.999954581 -0.007760444 -0.004447456 0.013717961 0.007683995 0.999876380 0.026345290
0.999899805 -0.006094881 -0.012775521 0.004508195 0.006015943 0.999962628 -0.006208236 -0.003142452 0.012812882 0.006130757 0.999899089 0.027581749
0.999904990 -0.006401504 -0.012209332 0.006748724 0.006337453 0.999965966 -0.005277589 -0.003428530 0.012242701 0.005199711 0.999911547 0.027097207
0.999917150 -0.004476374 -0.012069442 0.006920258 0.004411006 0.999975502 -0.005437245 -0.002996021 0.012093485 0.005383556 0.999912381 0.028268317
0.999916852 -0.005649077 -0.011591489 0.007504965 0.005601066 0.999975622 -0.004170155 -0.002914551 0.011614765 0.004104884 0.999924123 0.028391184
0.999905407 -0.005583781 -0.012571862 0.005969030 0.005549870 0.999980867 -0.002730649 -0.000964145 0.012586868 0.002660619 0.999917269 0.029489163
0.999882996 -0.005085261 -0.014426028 0.005217949 0.005059078 0.999985516 -0.001850848 -0.000978558 0.014435231 0.001777650 0.999894202 0.030169375
0.999897420 -0.003901454 -0.013780595 0.005685241 0.003886320 0.999991834 -0.001124845 -0.000086666 0.013784871 0.001071174 0.999904394 0.030513467
0.999891818 -0.004486466 -0.014006027 0.003497242 0.004510198 0.999988437 0.001663278 0.000842251 0.013998402 -0.001726267 0.999900520 0.030615799
0.999874413 -0.005489583 -0.014863771 0.002239163 0.005541655 0.999978602 0.003464459 0.005036744 0.014844436 -0.003546394 0.999883473 0.022200543
0.999899030 -0.002207205 -0.014032689 0.002000093 0.002291148 0.999979556 0.005968677 0.005246360 0.014019229 -0.006000226 0.999883771 0.024305528
0.999919057 -0.002794967 -0.012403789 0.003343520 0.002890482 0.999966264 0.007689314 0.005989694 0.012381880 -0.007724546 0.999893546 0.024731876
0.999937534 -0.001322166 -0.011093125 0.003538666 0.001425172 0.999955773 0.009282817 0.006279187 0.011080362 -0.009298047 0.999895394 0.024747690
0.999948919 0.000374479 -0.010098216 0.004179462 -0.000268131 0.999944389 0.010530727 0.007601849 0.010101600 -0.010527482 0.999893546 0.025776247
0.999954343 0.002136111 -0.009310323 0.005322708 -0.002023380 0.999924660 0.012100787 0.007707685 0.009335473 -0.012081398 0.999883473 0.025521904
0.999910653 0.001186869 -0.013312170 -0.000339378 -0.000992048 0.999892414 0.014631839 0.009787928 0.013328105 -0.014617326 0.999804318 0.024236483
0.999877214 0.001227768 -0.015621624 -0.004367841 -0.000982078 0.999875844 0.015725467 0.011054904 0.015638992 -0.015708195 0.999754310 0.024738282
0.999888361 0.004730538 -0.014168678 -0.004312270 -0.004511880 0.999870896 0.015424829 0.010517887 0.014239815 -0.015359184 0.999780595 0.026552863
0.999904275 0.005275760 -0.012790603 -0.004063802 -0.005069854 0.999857843 0.016077498 0.009586634 0.012873607 -0.016011111 0.999788940 0.027036693
0.999892771 0.005055202 -0.013738476 -0.004616963 -0.004808227 0.999827206 0.017950891 0.010264702 0.013826848 -0.017882911 0.999744415 0.025372196
0.999864757 0.004871906 -0.015711455 -0.007416064 -0.004592151 0.999831080 0.017793031 0.011468506 0.015795488 -0.017718477 0.999718249 0.025985649
0.999862313 0.006992091 -0.015043966 -0.008407195 -0.006740977 0.999838114 0.016678564 0.011135713 0.015158148 -0.016574860 0.999747753 0.025553472
0.999836922 0.006612024 -0.016806355 -0.010068555 -0.006328784 0.999837935 0.016850755 0.011638790 0.016915049 -0.016741643 0.999716818 0.024020052
0.999846816 0.005820695 -0.016502414 -0.010664687 -0.005538926 0.999838889 0.017068934 0.011384112 0.016599109 -0.016974915 0.999718189 0.024672918
0.999864399 0.006315085 -0.015206168 -0.010379063 -0.006050406 0.999830425 0.017389521 0.011974636 0.015313407 -0.017295163 0.999733090 0.024413940
0.999883294 0.006504518 -0.013818429 -0.007456092 -0.006255340 0.999818325 0.017999562 0.010815854 0.013933001 -0.017911021 0.999742448 0.022945564
0.999899149 0.005710511 -0.013001483 -0.007630099 -0.005471521 0.999816716 0.018343734 0.011273738 0.013103852 -0.018270748 0.999747157 0.022048263
0.999886692 0.004929741 -0.014220475 -0.007226467 -0.004662436 0.999812841 0.018769471 0.011582884 0.014310343 -0.018701043 0.999722719 0.020818699
0.999905884 0.006199867 -0.012232208 -0.006209031 -0.005990026 0.999835491 0.017117428 0.010109143 0.012336321 -0.017042547 0.999778628 0.023168044
0.999930501 0.008382319 -0.008284200 -0.002453579 -0.008238936 0.999818146 0.017192928 0.008866314 0.008426810 -0.017123481 0.999817848 0.025298057
0.999949276 0.009078247 -0.004352647 0.003022987 -0.009006431 0.999827445 0.016244531 0.008342203 0.004499368 -0.016204506 0.999858558 0.026179932
0.999944568 0.009206979 -0.005111459 0.001817635 -0.009123445 0.999828219 0.016131993 0.008161719 0.005259109 -0.016084466 0.999856770 0.027066624
0.999924123 0.009674088 -0.007618573 -0.000920863 -0.009553700 0.999831259 0.015682500 0.007807175 0.007769003 -0.015608526 0.999848008 0.026903853
0.999910653 0.011175953 -0.007322863 -0.001023410 -0.011077916 0.999850214 0.013294170 0.006915694 0.007470342 -0.013211861 0.999884784 0.028169032
0.999874771 0.014754383 -0.005725930 -0.001413228 -0.014684165 0.999818623 0.012117472 0.006200345 0.005903676 -0.012031876 0.999910235 0.030264894
0.999879360 0.014486753 -0.005596425 0.000209527 -0.014414537 0.999814868 0.012735400 0.005098315 0.005779883 -0.012653196 0.999903262 0.029156871
0.999877274 0.014663208 -0.005513554 -0.003727520 -0.014584671 0.999795198 0.014024512 0.006407817 0.005718068 -0.013942379 0.999886453 0.028634967
0.999865413 0.014890260 -0.006883924 -0.006130368 -0.014785515 0.999777734 0.015024410 0.007292912 0.007106110 -0.014920607 0.999863446 0.027981216
0.999852300 0.015598916 -0.007214778 -0.007932595 -0.015480738 0.999749541 0.016155703 0.006845116 0.007464984 -0.016041629 0.999843419 0.027000407
0.999812067 0.017376119 -0.008592238 -0.011439091 -0.017229855 0.999710083 0.016813874 0.008418762 0.008881906 -0.016662670 0.999821723 0.026341693
0.999816716 0.016547974 -0.009618538 -0.013822276 -0.016370481 0.999699414 0.018247971 0.008957771 0.009917615 -0.018087167 0.999787152 0.026783183
0.999840438 0.015246702 -0.009297641 -0.013943383 -0.015064633 0.999699235 0.019347366 0.009393794 0.009589829 -0.019204216 0.999769568 0.024838394
0.999863207 0.013130649 -0.010055961 -0.015148915 -0.012955119 0.999765933 0.017326029 0.008896241 0.010281110 -0.017193384 0.999799311 0.026615642
0.999829173 0.012436229 -0.013671501 -0.019126216 -0.012239620 0.999821723 0.014371773 0.008052588 0.013847795 -0.014201985 0.999803185 0.027285384
0.999844790 0.011501264 -0.013339738 -0.019087672 -0.011339929 0.999862373 0.012107564 0.006650958 0.013477156 -0.011954414 0.999837756 0.028807767
0.999895632 0.009857141 -0.010559874 -0.015802264 -0.009745145 0.999896228 0.010605210 0.005950056 0.010663318 -0.010501196 0.999888003 0.028795226
0.999933720 0.010066579 -0.005583790 -0.010515486 -0.010016680 0.999910235 0.008893341 0.003754089 0.005672815 -0.008836820 0.999944925 0.029766213
0.999961436 0.007212969 -0.005008149 -0.009138968 -0.007162100 0.999923289 0.010102024 0.005313365 0.005080631 -0.010065765 0.999936461 0.028516663
0.999964654 0.006137683 -0.005734738 -0.009713357 -0.006065513 0.999903202 0.012518654 0.005857992 0.005811018 -0.012483429 0.999905169 0.026996395
0.999953508 0.007595593 -0.005943999 -0.010501010 -0.007518479 0.999888599 0.012889972 0.006018005 0.006041244 -0.012844681 0.999899268 0.027246730
0.999898016 0.012318648 -0.007217092 -0.013257110 -0.012225352 0.999842882 0.012831453 0.006539628 0.007374024 -0.012741914 0.999891639 0.028343607
0.999876201 0.013207083 -0.008544745 -0.014986261 -0.013090761 0.999822676 0.013528870 0.007214776 0.008721907 -0.013415342 0.999872029 0.027296029
0.999815464 0.014873913 -0.012151967 -0.021735173 -0.014698619 0.999788404 0.014389594 0.007833989 0.012363425 -0.014208323 0.999822617 0.027032746
0.999709845 0.016124655 -0.017891122 -0.028249430 -0.015850084 0.999755919 0.015383663 0.007707922 0.018134812 -0.015095625 0.999721646 0.027488872
0.999622703 0.017903686 -0.020830475 -0.032466292 -0.017575255 0.999719918 0.015844578 0.008103965 0.021108316 -0.015472499 0.999657512 0.028436594
0.999626935 0.017987242 -0.020551043 -0.035903782 -0.017667232 0.999721348 0.015648218 0.008740670 0.020826787 -0.015279300 0.999666393 0.030951230
0.999601841 0.019708747 -0.020193895 -0.033893056 -0.019356074 0.999659240 0.017513264 0.009645304 0.020532180 -0.017115414 0.999642730 0.030522218
0.999640107 0.021164235 -0.016484944 -0.032172572 -0.020839348 0.999589920 0.019636704 0.009407573 0.016893782 -0.019286104 0.999671340 0.032611165
0.999660432 0.022656426 -0.012872901 -0.029409861 -0.022388373 0.999537051 0.020598980 0.010032482 0.013333642 -0.020303784 0.999704957 0.034836777
0.999676049 0.021843193 -0.013060920 -0.029576318 -0.021549176 0.999520183 0.022242997 0.010159946 0.013540515 -0.021954343 0.999667227 0.037013497
0.999668479 0.022104377 -0.013205734 -0.029432552 -0.021799514 0.999502301 0.022799898 0.010231055 0.013703140 -0.022504460 0.999652863 0.038700361
0.999594629 0.026488537 -0.010434083 -0.026061265 -0.026237765 0.999379814 0.023479002 0.008758817 0.011049537 -0.023195717 0.999669850 0.042571105
0.999578297 0.028163029 -0.007073687 -0.023267541 -0.027996970 0.999353051 0.022569332 0.008913489 0.007704734 -0.022361770 0.999720275 0.046597261
0.999644756 0.025732387 -0.006944253 -0.023311812 -0.025559418 0.999386489 0.023941867 0.008940042 0.007556075 -0.023755873 0.999689221 0.048025675
0.999627411 0.025977036 -0.008377283 -0.025035601 -0.025781631 0.999411047 0.022644924 0.008248379 0.008960597 -0.022420509 0.999708474 0.050948441
0.999621093 0.026279693 -0.008186225 -0.025301449 -0.026092714 0.999413610 0.022166386 0.007053515 0.008763952 -0.021944387 0.999720752 0.054183353
0.999565065 0.028830143 -0.006209721 -0.024085863 -0.028690236 0.999355972 0.021549903 0.006937454 0.006827010 -0.021362372 0.999748468 0.057264201
0.999490678 0.031686917 -0.003812677 -0.021480313 -0.031594153 0.999251246 0.022327423 0.006693796 0.004517311 -0.022195593 0.999743402 0.059054419
0.999448240 0.032817971 -0.005120763 -0.022261791 -0.032692991 0.999204457 0.022831991 0.005893148 0.005865988 -0.022651982 0.999726236 0.061375659
0.999406099 0.033181909 -0.009293465 -0.026972650 -0.032965958 0.999203146 0.022498563 0.005547602 0.010032605 -0.022178836 0.999703705 0.064232022
0.999387443 0.032025687 -0.014102668 -0.032030944 -0.031686895 0.999218404 0.023624662 0.005722835 0.014848243 -0.023163326 0.999621391 0.070503481
0.999340951 0.033011921 -0.015094284 -0.035991415 -0.032553650 0.999029636 0.029660249 0.006813240 0.016058778 -0.029149327 0.999446094 0.075278156
0.999296665 0.033428684 -0.016994260 -0.038293824 -0.032819357 0.998849869 0.034950946 0.007744634 0.018143082 -0.034368619 0.999244511 0.084178396
0.999323905 0.025297845 -0.026676450 -0.047117669 -0.024360981 0.999094605 0.034878165 0.008834754 0.027534636 -0.034204729 0.999035478 0.099899031
0.999305964 0.008371303 -0.036295760 -0.047855720 -0.007595846 0.999740958 0.021450559 0.005254465 0.036465939 -0.021159977 0.999110878 0.132560849
0.998963118 -0.010479185 -0.044301562 -0.048559476 0.010849925 0.999908030 0.008136449 -0.000325352 0.044212218 -0.008608681 0.998985052 0.162203982
0.998451412 -0.028325379 -0.047878060 -0.043999016 0.028021798 0.999582767 -0.007000249 -0.006523686 0.048056364 0.005647779 0.998828650 0.189635232
0.997484744 -0.045885902 -0.054023363 -0.039928026 0.044901796 0.998805046 -0.019292045 -0.011270284 0.054844044 0.016817775 0.998353243 0.217033461
0.996677339 -0.052671354 -0.062127631 -0.035889477 0.051542792 0.998477876 -0.019631289 -0.014051300 0.063067056 0.016363829 0.997875094 0.242512837
0.995826006 -0.057926476 -0.070535243 -0.025357923 0.056614101 0.998186290 -0.020466801 -0.010540200 0.071592890 0.016388083 0.997299314 0.259022474
0.995057762 -0.061841372 -0.077689037 -0.012564654 0.060501147 0.997977793 -0.019490223 -0.010655018 0.078737244 0.014693622 0.996787071 0.267397434
0.995831847 -0.054273516 -0.073303461 -0.000343056 0.053955033 0.998523355 -0.006319489 -0.009961731 0.073538214 0.002338059 0.997289598 0.283582509
0.997453868 -0.041910049 -0.057701223 0.023967635 0.041617226 0.999113977 -0.006267635 -0.010900964 0.057912782 0.003850312 0.998314202 0.308514655
0.998273611 -0.026817113 -0.052256484 0.033323646 0.026704207 0.999639213 -0.002857756 -0.011587038 0.052314263 0.001457355 0.998629510 0.332479924
0.998890042 -0.020558903 -0.042380854 0.045018062 0.020567570 0.999788463 -0.000231637 -0.017040242 0.042376652 -0.000640291 0.999101460 0.377641886
0.999147773 -0.016543949 -0.037816584 0.052911159 0.016649906 0.999858260 0.002488619 -0.015529560 0.037770055 -0.003116139 0.999281526 0.419113636
0.999362171 -0.008628295 -0.034653034 0.056354597 0.008843311 0.999942541 0.006056317 -0.017175969 0.034598783 -0.006358901 0.999381065 0.470897883
0.999627650 -0.008370000 -0.025970766 0.061354719 0.008364892 0.999964952 -0.000305319 -0.020221826 0.025972411 0.000087962 0.999662697 0.539055467
0.999478042 -0.026297288 -0.018762784 0.067997210 0.025918121 0.999460459 -0.020173218 -0.033360824 0.019283164 0.019676393 0.999620438 0.624616861
0.999389410 -0.034800816 -0.003106358 0.080896571 0.034738962 0.999231875 -0.018134706 -0.040576808 0.003735078 0.018015722 0.999830723 0.719829917
0.999067545 -0.042821046 0.005506868 0.080486961 0.042964119 0.998649538 -0.029208325 -0.057555113 -0.004248702 0.029417688 0.999558330 0.790582418
0.999134839 -0.041014597 0.006870961 0.081495874 0.041131549 0.998994231 -0.017845586 -0.062329847 -0.006132124 0.018112762 0.999817193 0.859817445
0.998980343 -0.045002304 0.003609174 0.082630232 0.045064799 0.998790503 -0.019665275 -0.066091515 -0.002719827 0.019807873 0.999800146 0.926271796
0.999188721 -0.040015485 -0.004543353 0.091449313 0.039922379 0.999021947 -0.019008359 -0.065603837 0.005299537 0.018811561 0.999809027 0.998448849
0.999568522 -0.029234599 -0.002866374 0.097380735 0.029192025 0.999476969 -0.013913015 -0.069407620 0.003271615 0.013823340 0.999899089 1.081928372
0.999567330 -0.029412298 0.000158193 0.106780551 0.029411377 0.999455929 -0.014927297 -0.073056415 0.000280939 0.014925493 0.999888539 1.158450723
0.999425352 -0.033316296 -0.006230937 0.118012793 0.033277314 0.999426544 -0.006257630 -0.082011998 0.006435847 0.006046687 0.999960959 1.241791844
0.999064088 -0.039796777 -0.016942644 0.124426074 0.039600484 0.999146223 -0.011767644 -0.088587850 0.017396498 0.011085695 0.999787271 1.345548272
0.998718798 -0.042410217 -0.027605541 0.123122290 0.042321268 0.999096692 -0.003798375 -0.096330397 0.027741700 0.002625207 0.999611676 1.424430132
0.998655379 -0.038060356 -0.035196185 0.133222476 0.037878715 0.999265492 -0.005813275 -0.097024307 0.035391584 0.004472272 0.999363542 1.504028916
0.998935699 -0.031956110 -0.033258732 0.138008341 0.031271733 0.999292433 -0.020898171 -0.106261052 0.033903021 0.019835873 0.999228239 1.618334174
0.999240518 -0.024315001 -0.030448791 0.140928492 0.023401219 0.999275565 -0.030015618 -0.113983437 0.031156551 0.029280288 0.999085724 1.719618320
0.999141216 -0.019140817 -0.036748126 0.141690195 0.018044941 0.999389291 -0.029924810 -0.125102967 0.037298463 0.029235993 0.998876333 1.827767134
0.999137819 -0.030838085 -0.027794993 0.148426652 0.029757652 0.998816013 -0.038481340 -0.146157995 0.028948775 0.037621044 0.998872876 1.975156665
0.998963952 -0.032318182 -0.032042041 0.149740607 0.031288646 0.998993814 -0.032128267 -0.157226413 0.033048134 0.031092431 0.998970032 2.065339088
0.999333084 -0.029418485 -0.021627741 0.167568728 0.028600389 0.998898149 -0.037209503 -0.166029021 0.022698559 0.036566123 0.999073446 2.176137924
0.999637544 -0.022853928 -0.014228626 0.186472833 0.022322018 0.999084949 -0.036481865 -0.169113666 0.015049361 0.036151029 0.999233007 2.286718369
0.999733448 -0.022130208 -0.006572475 0.209640473 0.021864384 0.999035299 -0.038083453 -0.170944542 0.007408930 0.037929598 0.999252915 2.413986444
0.999699414 -0.024414089 -0.002237039 0.228219062 0.024323046 0.999115229 -0.034308713 -0.183117926 0.003072681 0.034243997 0.999408841 2.541848898
0.999649704 -0.017081391 -0.020214178 0.226026550 0.016505830 0.999463022 -0.028305491 -0.190910518 0.020686816 0.027961927 0.999394894 2.619746685
0.999477267 -0.015819732 -0.028194368 0.230204195 0.015120713 0.999577165 -0.024835998 -0.200213492 0.028575351 0.024396695 0.999293923 2.744305372
0.999624789 -0.007825424 -0.026252968 0.232288182 0.007180453 0.999672294 -0.024572581 -0.202843234 0.026436660 0.024374854 0.999353349 2.842303038
0.999766946 -0.013986228 -0.016444379 0.244490877 0.013472279 0.999429822 -0.030959869 -0.208768427 0.016868021 0.030731108 0.999385297 2.969056606
0.999558747 -0.027936779 -0.010089119 0.254132897 0.027683523 0.999318242 -0.024425248 -0.216430008 0.010764600 0.024135167 0.999650776 3.092096806
0.998622119 -0.052473377 -0.000851653 0.272453487 0.052428119 0.998221099 -0.028384341 -0.232633591 0.002339561 0.028300574 0.999596715 3.233906746
0.998711288 -0.050691567 0.002458129 0.276184350 0.050726980 0.998558581 -0.017537463 -0.242614940 -0.001565587 0.017639559 0.999843180 3.346646309
0.998828769 -0.048250470 0.003628777 0.284030080 0.048319582 0.998583376 -0.022282107 -0.249058679 -0.002548514 0.022431342 0.999745131 3.460451126
0.999288082 -0.037438113 0.004663022 0.291204661 0.037557274 0.998878598 -0.028823616 -0.251517922 -0.003578691 0.028978234 0.999573588 3.574059010
0.999471545 -0.032507405 0.000138337 0.307077795 0.032491464 0.998828471 -0.035858691 -0.261319160 0.001027500 0.035844233 0.999356806 3.677675247
0.999495685 -0.030712336 -0.008074907 0.316380203 0.030394625 0.998856723 -0.036895998 -0.274768651 0.009198843 0.036631960 0.999286532 3.780005455
0.999797285 -0.014140666 -0.014332648 0.327829361 0.013649644 0.999335468 -0.033796538 -0.284755886 0.014801033 0.033594057 0.999325991 3.853722095
0.999909043 -0.003694316 -0.012970447 0.340791970 0.003305316 0.999547899 -0.029885642 -0.293700844 0.013074989 0.029840052 0.999469221 3.997823954
0.999866843 0.009700338 -0.013122699 0.338246375 -0.010076472 0.999531329 -0.028907001 -0.301041305 0.012836139 0.029035373 0.999495983 4.077624321
0.999871790 0.010875513 -0.011748663 0.335156322 -0.011444237 0.998709679 -0.049477313 -0.317249745 0.011195412 0.049605429 0.998706162 4.209258080
0.999923646 0.004962962 -0.011327228 0.333598942 -0.005326774 0.999463439 -0.032317393 -0.326390028 0.011160756 0.032375254 0.999413431 4.320397377
0.999791324 -0.016151784 -0.012512436 0.328607053 0.015527590 0.998703837 -0.048471719 -0.349784881 0.013279125 0.048267309 0.998746157 4.472982407
0.999828875 -0.011584031 -0.014420098 0.330321163 0.010985745 0.999102771 -0.040899355 -0.354953945 0.014880939 0.040733945 0.999059141 4.552624226
0.999873459 -0.011457515 -0.011036058 0.335979939 0.010967849 0.998995364 -0.043452214 -0.362095535 0.011522828 0.043325678 0.998994529 4.644872665
0.999940038 0.000525016 -0.010941885 0.342662841 -0.000855515 0.999542773 -0.030222211 -0.362482309 0.010921014 0.030229768 0.999483287 4.752302170
0.999958217 -0.001443892 -0.009030779 0.356262743 0.001143337 0.999448061 -0.033198252 -0.364414871 0.009073729 0.033186544 0.999407887 4.868008614
0.999839127 -0.010577738 -0.014490323 0.364332855 0.010067077 0.999341011 -0.034872346 -0.374970198 0.014849643 0.034720857 0.999286652 4.976925373
0.999584794 -0.013015985 -0.025708968 0.367295265 0.012226591 0.999455988 -0.030626982 -0.387792349 0.026093623 0.030299934 0.999200225 5.076946735
0.999505341 -0.007367862 -0.030579122 0.370301902 0.006447572 0.999526381 -0.030085647 -0.394687533 0.030786308 0.029873606 0.999079466 5.183248520
0.999830544 -0.002977605 -0.018169617 0.376884311 0.002391904 0.999479651 -0.032172240 -0.404892743 0.018255956 0.032123316 0.999317229 5.319014549
0.999989450 0.001612594 0.004297034 0.397105813 -0.001453828 0.999325275 -0.036698230 -0.411491990 -0.004353317 0.036691595 0.999317288 5.469801903
0.999683857 -0.011204854 0.022507127 0.417537838 0.011751463 0.999635518 -0.024302300 -0.420085728 -0.022226622 0.024559105 0.999451220 5.614315987
0.998979032 -0.034280840 0.029422523 0.429947078 0.034872584 0.999194920 -0.019839726 -0.432081968 -0.028718704 0.020845512 0.999370158 5.735720634
0.998950422 -0.038759500 0.024408221 0.431187809 0.038979415 0.999203026 -0.008599460 -0.441763222 -0.024055459 0.009541853 0.999665022 5.828539371
0.999011099 -0.036468066 0.025431044 0.442966610 0.036703054 0.999287248 -0.008835126 -0.452807307 -0.025090717 0.009759786 0.999637544 5.942448616
0.999396622 -0.028419647 0.019963568 0.451964915 0.028702281 0.999489725 -0.014015977 -0.456638396 -0.019555049 0.014580522 0.999702573 6.057384968
0.999516189 -0.023905354 0.019896779 0.463295519 0.024360768 0.999439299 -0.022970632 -0.457246244 -0.019336503 0.023444217 0.999538124 6.154439449
0.999275744 -0.029842278 0.023609919 0.489069402 0.030438378 0.999216259 -0.025304731 -0.468809813 -0.022836266 0.026005052 0.999400854 6.291601181
0.998998582 -0.039720096 0.020597484 0.507773399 0.040387660 0.998636544 -0.033075687 -0.485704601 -0.019255634 0.033874445 0.999240577 6.404769421
0.999302149 -0.037273809 0.002418846 0.529147565 0.037337095 0.998643339 -0.036299512 -0.503608763 -0.001062550 0.036364496 0.999338031 6.533166409
0.999599934 -0.028281119 -0.000229621 0.541874647 0.028257314 0.999032199 -0.033705413 -0.505582094 0.001182623 0.033685442 0.999431849 6.642786980
0.999934673 -0.009075120 0.006945717 0.565025508 0.009377517 0.998951018 -0.044819597 -0.516555369 -0.006531687 0.044881806 0.998970985 6.782827377
0.999434114 -0.029077832 0.016908394 0.587460399 0.029569056 0.999125361 -0.029566314 -0.528263092 -0.016033882 0.030049548 0.999419749 6.971632957
0.998155475 -0.051151562 0.032698542 0.618315578 0.052362908 0.997930050 -0.037329841 -0.542210042 -0.030721381 0.038973182 0.998767912 7.129119873
0.998145700 -0.045164756 0.040811211 0.640961409 0.046222419 0.998609304 -0.025354601 -0.544935822 -0.039609317 0.027193978 0.998845220 7.271230221
0.998009861 -0.044011809 0.045158502 0.657621861 0.045267560 0.998605251 -0.027171670 -0.549022675 -0.043899637 0.029161811 0.998610318 7.397881031
0.998603880 -0.029680604 0.043695051 0.677751422 0.030724987 0.999253273 -0.023427147 -0.554334521 -0.042967085 0.024736965 0.998770177 7.499730110
0.999207556 -0.021106331 0.033746962 0.703176737 0.021420401 0.999730349 -0.008972231 -0.522592306 -0.033548493 0.009687997 0.999390066 7.642345428
0.998737216 -0.045472223 0.021353615 0.723241329 0.045652099 0.998925269 -0.008012903 -0.564684033 -0.020966297 0.008977620 0.999739885 7.738935947
0.999513090 -0.026952745 0.015716784 0.734085023 0.026955049 0.999636590 0.000065355 -0.577330530 -0.015712833 0.000358324 0.999876440 7.846955299
0.999728203 -0.009976042 0.021067981 0.750332475 0.010021560 0.999947727 -0.002056006 -0.586097360 -0.021046367 0.002266580 0.999775887 7.973997116
0.999645293 0.005505652 0.026055917 0.763276339 -0.005434935 0.999981403 -0.002784066 -0.588797987 -0.026070761 0.002641467 0.999656618 8.052589417
0.998669982 0.006129899 0.051192231 0.781473935 -0.005158329 0.999804437 -0.019089552 -0.603782892 -0.051299233 0.018800091 0.998506367 8.219573021
0.998344302 -0.028809661 0.049785621 0.790531397 0.029183950 0.999550819 -0.006807322 -0.643795609 -0.049567141 0.008248985 0.998736680 8.342834473
0.997440100 -0.038255785 0.060411900 0.806331873 0.039273646 0.999104321 -0.015751636 -0.652870119 -0.059755210 0.018083906 0.998049259 8.472876549
0.995777309 -0.042025041 0.081617676 0.767669976 0.042160947 0.999110878 0.000058385 -0.661694169 -0.081547566 0.003382940 0.996663630 8.591857910
0.996104419 -0.041686278 0.077705294 0.815242529 0.042240128 0.999092460 -0.005496915 -0.674251795 -0.077405617 0.008757783 0.996961296 8.719882965
0.996449530 -0.035665344 0.076264560 0.843608320 0.036254536 0.999322414 -0.006354687 -0.690520287 -0.075986236 0.009097058 0.997067451 8.838158607
0.997692704 -0.029468387 0.061163045 0.861637056 0.029283570 0.999563456 0.003916048 -0.667822719 -0.061251745 -0.002115939 0.998120070 8.963338852
0.998809636 -0.016368169 0.045951400 0.871555686 0.016414098 0.999865055 -0.000622094 -0.683174729 -0.045935024 0.001375602 0.998943508 9.061729431
0.999477923 0.003137941 0.032157820 0.892109573 -0.002888006 0.999965310 -0.007815679 -0.666739821 -0.032181215 0.007718724 0.999452293 9.150592804
0.999674380 0.006213042 0.024748800 0.935577869 -0.006068060 0.999963939 -0.005928943 -0.688863337 -0.024784740 0.005776835 0.999676108 9.218489647
0.999421477 0.014824609 0.030608714 0.949369907 -0.014662560 0.999877274 -0.005511857 -0.691927433 -0.030686673 0.005059865 0.999516189 9.315505981
0.999339104 0.011683211 0.034420583 0.951954603 -0.011398401 0.999899149 -0.008458967 -0.698530495 -0.034515947 0.008061038 0.999371648 9.427365303
0.999477327 0.006401741 0.031687379 0.953650117 -0.006371978 0.999979079 -0.001040155 -0.709153414 -0.031693380 0.000837700 0.999497235 9.521825790
0.999526739 -0.001601858 0.030721342 0.943516374 0.001766722 0.999984205 -0.005340003 -0.725037932 -0.030712308 0.005391750 0.999513745 9.660912514
0.999582589 0.012747035 0.025926810 0.960221648 -0.012773095 0.999918044 0.000839831 -0.740030348 -0.025913982 -0.001170647 0.999663472 9.779561996
0.999838889 0.011623086 0.013681039 0.974930346 -0.011623762 0.999932408 -0.000030069 -0.720396519 -0.013680467 -0.000128961 0.999906421 9.857407570
0.999877930 0.011924057 0.010101845 0.987256646 -0.011892626 0.999924242 -0.003165758 -0.720433950 -0.010138832 0.003045233 0.999943972 9.955132484
0.999978900 0.005602933 0.003260303 1.006365538 -0.005601868 0.999984145 -0.000335099 -0.718147099 -0.003262135 0.000316827 0.999994636 10.054496765
0.999990225 -0.001160983 -0.004286393 1.015754938 0.001160688 0.999999225 -0.000071272 -0.726918519 0.004286469 0.000066296 0.999990821 10.172997475
0.999758124 0.016889626 -0.014087069 1.031821132 -0.016812354 0.999843061 0.005585594 -0.740621448 0.014179194 -0.005347406 0.999885201 10.271548271
0.999407530 0.034415659 0.000303453 1.018614531 -0.034415543 0.999407530 -0.000374762 -0.724684536 -0.000316171 0.000364096 0.999999881 10.320733070
0.999000669 0.042504456 0.013815477 1.035793900 -0.042452700 0.999090314 -0.004018307 -0.734823883 -0.013973705 0.003427788 0.999896467 10.423973083
0.998627007 0.040279541 0.033489726 1.054975867 -0.039804388 0.999098837 -0.014735880 -0.742647648 -0.034053110 0.013382613 0.999330461 10.549898148
0.998849452 0.022122538 0.042547014 1.070495844 -0.022083923 0.999755144 -0.001377419 -0.778059065 -0.042567063 0.000436229 0.999093711 10.660730362
0.997774065 0.001493874 0.066666454 1.072978020 -0.000807431 0.999946296 -0.010322364 -0.810118675 -0.066678300 0.010245556 0.997721910 10.811600685
0.997500181 -0.012724216 0.069507867 1.081158996 0.012882349 0.999915361 -0.001827240 -0.811980009 -0.069478735 0.002718098 0.997579813 10.804993629
0.996687770 -0.014265306 0.080061853 1.075774789 0.014876976 0.999864399 -0.007048724 -0.812835276 -0.079950467 0.008216456 0.996765018 10.873683929
0.997319341 -0.000661499 0.073168501 1.115739942 0.001766788 0.999885380 -0.015042303 -0.804191768 -0.073150158 0.015131256 0.997206211 10.949721336
0.997392416 -0.001802104 0.072146051 1.130861282 0.003693877 0.999652505 -0.026096599 -0.811652541 -0.072073966 0.026295053 0.997052610 11.127005577
0.998304069 -0.011485493 0.057068124 1.137383819 0.011867231 0.999909341 -0.006354757 -0.823761702 -0.056989968 0.007021222 0.998350024 11.242218971
0.999114752 -0.003914259 0.041885134 1.124833822 0.004275768 0.999954343 -0.008544886 -0.806254387 -0.041849766 0.008716413 0.999085963 11.389475822
0.999140501 -0.009078161 0.040445339 1.114019275 0.009531561 0.999893785 -0.011031488 -0.787486911 -0.040340904 0.011407516 0.999120891 11.506840706
0.998880029 0.003095360 0.047211871 1.156772494 -0.002795347 0.999975383 -0.006419266 -0.834589005 -0.047230586 0.006280106 0.998864293 11.676707268
0.997970819 0.018911419 0.060798563 1.174409866 -0.018086543 0.999737084 -0.014089233 -0.865927398 -0.061049029 0.012961008 0.998050690 11.869389534
0.998211563 -0.002289536 0.059736013 1.179298639 0.002535122 0.999988496 -0.004035709 -0.844704390 -0.059726104 0.004179932 0.998206019 11.883234978
0.997744739 -0.023320427 0.062940054 1.185482860 0.024141585 0.999632657 -0.012317825 -0.872938037 -0.062629670 0.013809519 0.997941375 12.044960022
0.998537183 -0.018172683 0.050921276 1.232261896 0.018488798 0.999812603 -0.005743613 -0.872556388 -0.050807357 0.006676687 0.998686194 12.195297241
0.998790443 -0.013197980 0.047363918 1.218567252 0.013612241 0.999871790 -0.008434444 -0.888172746 -0.047246531 0.009068971 0.998842001 12.270862579
0.999196768 -0.020365471 0.034511369 1.239220977 0.020812413 0.999703526 -0.012641131 -0.892989993 -0.034243692 0.013349244 0.999324322 12.390471458
0.999068618 -0.033979177 0.026590791 1.249115944 0.034265477 0.999358714 -0.010386305 -0.896116138 -0.026220815 0.011287780 0.999592364 12.472649574
0.998792648 -0.038948387 0.029937670 1.276775122 0.038927980 0.999241173 0.001264512 -0.902568042 -0.029964199 -0.000097571 0.999550939 12.613685608
0.999469340 -0.030471856 0.011507537 1.296148777 0.030511014 0.999529183 -0.003242523 -0.927676857 -0.011403311 0.003591910 0.999928534 12.730529785
0.999824822 -0.009336104 0.016216658 1.324529529 0.009452404 0.999930143 -0.007109980 -0.939895213 -0.016149139 0.007262021 0.999843180 12.919103622
0.999102950 0.009442713 0.041279573 1.353060126 -0.008606686 0.999755204 -0.020383840 -0.947664738 -0.041461948 0.020010278 0.998939633 13.218541145
0.998621881 -0.001660155 0.052455749 1.386810184 0.002796794 0.999762833 -0.021602591 -0.927273631 -0.052407444 0.021719534 0.998389721 13.439091682
0.998715639 -0.004521913 0.050463058 1.386000872 0.005986298 0.999564230 -0.028905625 -0.899274945 -0.050310362 0.029170588 0.998307645 13.461335182
0.998580277 0.002019300 0.053227421 1.417882681 -0.000293548 0.999474585 -0.032410145 -0.848235607 -0.053264897 0.032348510 0.998056293 13.591434479
0.998958528 -0.004462855 0.045405537 1.457038403 0.005337562 0.999802113 -0.019161355 -0.890153527 -0.045311030 0.019383760 0.998784840 13.670442581
0.998609006 -0.008446860 0.052041270 1.430414438 0.009607410 0.999709785 -0.022090901 -0.971182942 -0.051839564 0.022560159 0.998400569 13.694941521
0.998923063 -0.011327752 0.044992831 1.466498375 0.011942540 0.999838591 -0.013419021 -0.959400237 -0.044833560 0.013941898 0.998897195 13.947437286
0.999190688 -0.022881599 0.033082899 1.465071917 0.023376832 0.999619246 -0.014661034 -0.989984989 -0.032734834 0.015422543 0.999345064 14.048207283
0.999782920 -0.013188586 0.016129311 1.492985010 0.013376319 0.999843419 -0.011587252 -1.017950654 -0.015973967 0.011800488 0.999802768 14.172040939
0.999913156 -0.000139736 0.013171677 1.510617495 0.000116246 0.999998391 0.001784092 -1.056679964 -0.013171908 -0.001782403 0.999911666 14.300134659
0.999711752 0.013194692 0.020057686 1.544000626 -0.012887498 0.999799013 -0.015368332 -1.054541111 -0.020256432 0.015105410 0.999680698 14.488857269
0.999464154 0.009294188 0.031382650 1.531590819 -0.008649547 0.999750197 -0.020614948 -1.045491219 -0.031566404 0.020332456 0.999294877 14.606504440
0.999115765 -0.019040529 0.037484366 1.562016487 0.019789260 0.999609947 -0.019705812 -1.085633874 -0.037094545 0.020430177 0.999102890 14.776302338
0.999174178 -0.016929174 0.036936402 1.574645519 0.017345952 0.999789119 -0.010992530 -1.100696087 -0.036742516 0.011624149 0.999257147 14.938547134
0.999447048 -0.004019341 0.033005461 1.591257095 0.004753760 0.999742210 -0.022203162 -1.107426405 -0.032907706 0.022347789 0.999208510 15.076688766
0.999718428 -0.006538679 0.022807661 1.605975389 0.007363719 0.999314547 -0.036279362 -1.109511733 -0.022554807 0.036437098 0.999081433 15.186546326
0.999775410 -0.011963140 0.017488211 1.597008467 0.012544814 0.999358654 -0.033538397 -1.137995243 -0.017075764 0.033750255 0.999284446 15.264572144
0.999775410 -0.011963140 0.017488211 1.597008467 0.012544814 0.999358654 -0.033538397 -1.137995243 -0.017075764 0.033750255 0.999284446 15.264572144
0.999775410 -0.011963140 0.017488211 1.597008467 0.012544814 0.999358654 -0.033538397 -1.137995243 -0.017075764 0.033750255 0.999284446 15.264572144
0.999775410 -0.011963140 0.017488211 1.597008467 0.012544814 0.999358654 -0.033538397 -1.137995243 -0.017075764 0.033750255 0.999284446 15.264572144
0.999775410 -0.011963140 0.017488211 1.597008467 0.012544814 0.999358654 -0.033538397 -1.137995243 -0.017075764 0.033750255 0.999284446 15.264572144
0.999768436 -0.021492520 -0.001028918 1.674120307 0.021484330 0.999741793 -0.007401947 -1.149296403 0.001187745 0.007378131 0.999972165 15.842084885
0.999768436 -0.021492520 -0.001028918 1.674120307 0.021484330 0.999741793 -0.007401947 -1.149296403 0.001187745 0.007378131 0.999972165 15.842084885
0.999768436 -0.021492520 -0.001028918 1.674120307 0.021484330 0.999741793 -0.007401947 -1.149296403 0.001187745 0.007378131 0.999972165 15.842084885
0.999768436 -0.021492520 -0.001028918 1.674120307 0.021484330 0.999741793 -0.007401947 -1.149296403 0.001187745 0.007378131 0.999972165 15.842084885
0.999768436 -0.021492520 -0.001028918 1.674120307 0.021484330 0.999741793 -0.007401947 -1.149296403 0.001187745 0.007378131 0.999972165 15.842084885
0.999768436 -0.021492520 -0.001028918 1.674120307 0.021484330 0.999741793 -0.007401947 -1.149296403 0.001187745 0.007378131 0.999972165 15.842084885
0.997557282 -0.068280995 -0.014735274 1.599119186 0.067911424 0.997396052 -0.024273612 -1.219754219 0.016354341 0.023213629 0.999596834 15.489004135
0.997557282 -0.068280995 -0.014735274 1.599119186 0.067911424 0.997396052 -0.024273612 -1.219754219 0.016354341 0.023213629 0.999596834 15.489004135
0.997557282 -0.068280995 -0.014735274 1.599119186 0.067911424 0.997396052 -0.024273612 -1.219754219 0.016354341 0.023213629 0.999596834 15.489004135
0.997557282 -0.068280995 -0.014735274 1.599119186 0.067911424 0.997396052 -0.024273612 -1.219754219 0.016354341 0.023213629 0.999596834 15.489004135
0.997557282 -0.068280995 -0.014735274 1.599119186 0.067911424 0.997396052 -0.024273612 -1.219754219 0.016354341 0.023213629 0.999596834 15.489004135
0.997557282 -0.068280995 -0.014735274 1.599119186 0.067911424 0.997396052 -0.024273612 -1.219754219 0.016354341 0.023213629 0.999596834 15.489004135
0.997557282 -0.068280995 -0.014735274 1.599119186 0.067911424 0.997396052 -0.024273612 -1.219754219 0.016354341 0.023213629 0.999596834 15.489004135
0.997557282 -0.068280995 -0.014735274 1.599119186 0.067911424 0.997396052 -0.024273612 -1.219754219 0.016354341 0.023213629 0.999596834 15.489004135
0.997557282 -0.068280995 -0.014735274 1.599119186 0.067911424 0.997396052 -0.024273612 -1.219754219 0.016354341 0.023213629 0.999596834 15.489004135
0.997557282 -0.068280995 -0.014735274 1.599119186 0.067911424 0.997396052 -0.024273612 -1.219754219 0.016354341 0.023213629 0.999596834 15.489004135
0.997557282 -0.068280995 -0.014735274 1.599119186 0.067911424 0.997396052 -0.024273612 -1.219754219 0.016354341 0.023213629 0.999596834 15.489004135
0.997557282 -0.068280995 -0.014735274 1.599119186 0.067911424 0.997396052 -0.024273612 -1.219754219 0.016354341 0.023213629 0.999596834 15.489004135
0.997557282 -0.068280995 -0.014735274 1.599119186 0.067911424 0.997396052 -0.024273612 -1.219754219 0.016354341 0.023213629 0.999596834 15.489004135
0.997557282 -0.068280995 -0.014735274 1.599119186 0.067911424 0.997396052 -0.024273612 -1.219754219 0.016354341 0.023213629 0.999596834 15.489004135
0.997557282 -0.068280995 -0.014735274 1.599119186 0.067911424 0.997396052 -0.024273612 -1.219754219 0.016354341 0.023213629 0.999596834 15.489004135
0.997557282 -0.068280995 -0.014735274 1.599119186 0.067911424 0.997396052 -0.024273612 -1.219754219 0.016354341 0.023213629 0.999596834 15.489004135
0.997557282 -0.068280995 -0.014735274 1.599119186 0.067911424 0.997396052 -0.024273612 -1.219754219 0.016354341 0.023213629 0.999596834 15.489004135
0.997557282 -0.068280995 -0.014735274 1.599119186 0.067911424 0.997396052 -0.024273612 -1.219754219 0.016354341 0.023213629 0.999596834 15.489004135
0.997557282 -0.068280995 -0.014735274 1.599119186 0.067911424 0.997396052 -0.024273612 -1.219754219 0.016354341 0.023213629 0.999596834 15.489004135
0.997557282 -0.068280995 -0.014735274 1.599119186 0.067911424 0.997396052 -0.024273612 -1.219754219 0.016354341 0.023213629 0.999596834 15.489004135
0.997557282 -0.068280995 -0.014735274 1.599119186 0.067911424 0.997396052 -0.024273612 -1.219754219 0.016354341 0.023213629 0.999596834 15.489004135
0.997557282 -0.068280995 -0.014735274 1.599119186 0.067911424 0.997396052 -0.024273612 -1.219754219 0.016354341 0.023213629 0.999596834 15.489004135
0.997557282 -0.068280995 -0.014735274 1.599119186 0.067911424 0.997396052 -0.024273612 -1.219754219 0.016354341 0.023213629 0.999596834 15.489004135
0.997557282 -0.068280995 -0.014735274 1.599119186 0.067911424 0.997396052 -0.024273612 -1.219754219 0.016354341 0.023213629 0.999596834 15.489004135
0.997557282 -0.068280995 -0.014735274 1.599119186 0.067911424 0.997396052 -0.024273612 -1.219754219 0.016354341 0.023213629 0.999596834 15.489004135
0.997557282 -0.068280995 -0.014735274 1.599119186 0.067911424 0.997396052 -0.024273612 -1.219754219 0.016354341 0.023213629 0.999596834 15.489004135
0.997557282 -0.068280995 -0.014735274 1.599119186 0.067911424 0.997396052 -0.024273612 -1.219754219 0.016354341 0.023213629 0.999596834 15.489004135
0.997557282 -0.068280995 -0.014735274 1.599119186 0.067911424 0.997396052 -0.024273612 -1.219754219 0.016354341 0.023213629 0.999596834 15.489004135
0.997557282 -0.068280995 -0.014735274 1.599119186 0.067911424 0.997396052 -0.024273612 -1.219754219 0.016354341 0.023213629 0.999596834 15.489004135
