1.000000000 0.000000000 -0.000000000 0.000000000 0.000000000 1.000000000 0.000000000 0.000000000 -0.000000000 0.000000000 1.000000000 0.000000000
0.999999881 -0.000494942 0.000153814 0.001136176 0.000494934 0.999999881 0.000048497 0.000560009 -0.000153838 -0.000048421 1.000000000 -0.021458009
0.999999523 -0.000824395 0.000572439 -0.007564659 0.000824152 0.999999583 0.000425670 -0.001712259 -0.000572790 -0.000425198 0.999999762 -0.074540734
0.999999166 -0.001111457 0.000679400 -0.008985653 0.001111356 0.999999344 0.000149565 0.001901863 -0.000679566 -0.000148810 0.999999762 -0.119661063
0.999998689 -0.000631203 0.001503299 -0.034770209 0.000630202 0.999999583 0.000666373 -0.009474142 -0.001503719 -0.000665425 0.999998629 -0.157734543
0.999999940 -0.000187905 0.000268802 0.017032236 0.000187959 0.999999940 -0.000199911 0.010119526 -0.000268765 0.000199961 0.999999940 -0.147698313
0.999998510 0.000314631 0.001712814 -0.035067834 -0.000315385 0.999999881 0.000439595 -0.013878094 -0.001712675 -0.000440135 0.999998450 -0.219099805
0.999998093 0.000238871 0.001938427 -0.039788477 -0.000239411 0.999999940 0.000277895 -0.012442322 -0.001938360 -0.000278359 0.999998093 -0.234180227
0.999998212 0.000590544 0.001804456 -0.036677472 -0.000590865 0.999999821 0.000177067 -0.010431339 -0.001804351 -0.000178133 0.999998331 -0.254144073
0.999998629 0.000448019 0.001593540 -0.035999805 -0.000448226 0.999999881 0.000129473 -0.019168362 -0.001593482 -0.000130187 0.999998748 -0.281034440
0.999999106 0.001186558 0.000644159 0.011795166 -0.001186096 0.999999046 -0.000718533 0.003942313 -0.000645011 0.000717769 0.999999523 -0.270562917
0.999998450 0.001181637 0.001286899 -0.022213250 -0.001180772 0.999999106 -0.000673200 -0.015712509 -0.001287694 0.000671680 0.999998927 -0.351042271
0.999996543 0.001999965 0.001690572 -0.028170617 -0.001998259 0.999997497 -0.001010562 -0.016885947 -0.001692589 0.001007180 0.999998033 -0.345211416
0.999994397 0.002091848 0.002611869 -0.057115357 -0.002089790 0.999997497 -0.000790239 -0.028322611 -0.002613515 0.000784776 0.999996305 -0.368142903
0.999996364 0.001835601 0.001973732 -0.042816006 -0.001834829 0.999998212 -0.000392831 -0.032116804 -0.001974449 0.000389208 0.999997973 -0.406605184
0.999995828 0.002330019 0.001699575 -0.029665576 -0.002327408 0.999996126 -0.001536790 0.003017328 -0.001703149 0.001532828 0.999997377 -0.406869590
0.999994755 0.002414768 0.002170354 -0.046206225 -0.002413775 0.999996960 -0.000460336 -0.024362557 -0.002171459 0.000455095 0.999997556 -0.413451403
0.999995530 0.002256635 0.001953267 -0.038581930 -0.002254743 0.999996960 -0.000970718 -0.012250861 -0.001955452 0.000966309 0.999997616 -0.407571018
0.999995530 0.002127049 0.002107569 -0.040691409 -0.002125573 0.999997497 -0.000702316 -0.019883614 -0.002109058 0.000697833 0.999997556 -0.405121624
0.999995708 0.002298785 0.001804260 -0.029256040 -0.002296206 0.999996364 -0.001430071 0.002914740 -0.001807541 0.001425922 0.999997377 -0.398417205
0.999996245 0.002145876 0.001704136 -0.028658446 -0.002144523 0.999997377 -0.000795630 -0.013311757 -0.001705839 0.000791972 0.999998212 -0.407400399
0.999995887 0.002288495 0.001713872 -0.029982828 -0.002287165 0.999997079 -0.000777840 -0.011899542 -0.001715647 0.000773917 0.999998212 -0.422537923
0.999995708 0.001994061 0.002159548 -0.037801426 -0.001993506 0.999997973 -0.000258862 -0.025342606 -0.002160060 0.000254556 0.999997616 -0.390798599
0.999995351 0.002365048 0.001916262 -0.034947455 -0.002364016 0.999997079 -0.000540435 -0.013016559 -0.001917534 0.000535902 0.999998033 -0.400002927
0.999995172 0.002347668 0.002039454 -0.041831188 -0.002348924 0.999997079 0.000613535 -0.026139440 -0.002038008 -0.000618323 0.999997735 -0.404320240
0.999995768 0.002094458 0.002005419 -0.039389540 -0.002094120 0.999997795 -0.000170210 -0.017572992 -0.002005771 0.000166010 0.999997973 -0.419788241
0.999995589 0.001924700 0.002266473 -0.046639308 -0.001923951 0.999998093 -0.000332648 -0.019083558 -0.002267109 0.000328286 0.999997377 -0.418923378
0.999995351 0.002113414 0.002187181 -0.037941784 -0.002112377 0.999997675 -0.000476232 -0.014756883 -0.002188182 0.000471610 0.999997497 -0.401249737
0.999994397 0.002215549 0.002513003 -0.045218427 -0.002214874 0.999997497 -0.000271557 -0.018703271 -0.002513599 0.000265989 0.999996781 -0.389857560
0.999995768 0.002139311 0.001967165 -0.033436537 -0.002138446 0.999997616 -0.000441586 -0.013477193 -0.001968105 0.000437377 0.999997973 -0.402032822
0.999994040 0.002244714 0.002620397 -0.055547252 -0.002244697 0.999997497 -0.000009291 -0.027771410 -0.002620412 0.000003409 0.999996543 -0.398179233
0.999995828 0.002087156 0.001995415 -0.036039371 -0.002087014 0.999997795 -0.000072904 -0.017766388 -0.001995563 0.000068740 0.999998033 -0.403993636
0.999994993 0.001665219 0.002689220 -0.056741439 -0.001665458 0.999998629 0.000086673 -0.026736394 -0.002689072 -0.000091151 0.999996364 -0.395933241
0.999996960 0.001708275 0.001764997 -0.028839430 -0.001707386 0.999998391 -0.000505219 -0.012846768 -0.001765857 0.000502204 0.999998331 -0.418984592
0.999995828 0.002096921 0.001981485 -0.036199909 -0.002096397 0.999997795 -0.000266227 -0.017518057 -0.001982039 0.000262072 0.999997973 -0.403021544
0.999995530 0.001974606 0.002245549 -0.046121649 -0.001974363 0.999998033 -0.000110653 -0.024159648 -0.002245763 0.000106219 0.999997497 -0.417308450
0.999995470 0.002062682 0.002202291 -0.032343794 -0.002059973 0.999997139 -0.001232004 -0.016219802 -0.002204826 0.001227462 0.999996841 -0.356508136
0.999996424 0.002179965 0.001543480 -0.024307204 -0.002178743 0.999997318 -0.000792999 -0.015006365 -0.001545204 0.000789633 0.999998510 -0.397535324
0.999996305 0.002340295 0.001362139 -0.010811063 -0.002338982 0.999996781 -0.000964810 -0.007835751 -0.001364392 0.000961621 0.999998629 -0.364696205
0.999995112 0.002327494 0.002083259 -0.037063643 -0.002326176 0.999997079 -0.000634651 -0.014158526 -0.002084730 0.000629801 0.999997616 -0.371075571
0.999995708 0.002156758 0.001985805 -0.040894393 -0.002156426 0.999997675 -0.000169237 -0.019181050 -0.001986166 0.000164954 0.999998033 -0.376936048
0.999996245 0.002209232 0.001634221 -0.025046125 -0.002207459 0.999996960 -0.001085986 0.002795938 -0.001636615 0.001082374 0.999998093 -0.342373461
0.999997914 0.001502941 0.001372308 -0.025705811 -0.001501315 0.999998152 -0.001184967 0.002729507 -0.001374086 0.001182905 0.999998331 -0.353885680
0.999997616 0.001856600 0.001147297 -0.008793367 -0.001856110 0.999998212 -0.000428108 -0.007554240 -0.001148089 0.000425977 0.999999225 -0.312425911
0.999998271 0.001571573 0.001016472 0.004985938 -0.001571050 0.999998629 -0.000514735 0.006158160 -0.001017280 0.000513137 0.999999344 -0.252623290
0.999997914 0.001373140 0.001523077 -0.033702180 -0.001373761 0.999998987 0.000406570 -0.014510466 -0.001522517 -0.000408661 0.999998748 -0.301185012
0.999999642 0.000876124 -0.000009169 0.031520627 -0.000876129 0.999999464 -0.000562777 0.016802698 0.000008676 0.000562784 0.999999821 -0.238036588
0.999998510 0.001259790 0.001174576 -0.002958466 -0.001260592 0.999998987 0.000682006 -0.006245563 -0.001173716 -0.000683485 0.999999106 -0.202899054
0.999998927 0.000252337 0.001427072 -0.020668179 -0.000253565 0.999999583 0.000860271 -0.006925653 -0.001426854 -0.000860632 0.999998629 -0.226006925
0.999998927 0.000305563 0.001426612 -0.021265592 -0.000307102 0.999999344 0.001078648 -0.004368118 -0.001426282 -0.001079085 0.999998391 -0.203071952
0.999998391 0.000045429 0.001793273 -0.026350049 -0.000048300 0.999998689 0.001600809 -0.008484998 -0.001793198 -0.001600893 0.999997139 -0.176670045
0.999999523 0.000309947 0.000934452 0.006067784 -0.000311070 0.999999225 0.001202132 0.009306704 -0.000934078 -0.001202422 0.999998868 -0.134953931
0.999998271 -0.000565455 0.001776827 -0.018183745 0.000562125 0.999998093 0.001874050 -0.001249091 -0.001777883 -0.001873048 0.999996662 -0.105539016
0.999998927 -0.000398414 0.001419734 0.002267896 0.000396084 0.999998569 0.001640966 0.008108274 -0.001420386 -0.001640402 0.999997675 -0.047456570
0.999998748 -0.000432483 0.001532916 0.000267391 0.000429771 0.999998331 0.001768880 -0.000367858 -0.001533679 -0.001768219 0.999997258 -0.001593557
0.999998689 -0.000242022 0.001609238 -0.000469896 0.000239259 0.999998510 0.001716926 -0.000024136 -0.001609651 -0.001716538 0.999997258 0.004573769
0.999998331 0.000167817 0.001803657 0.002928963 -0.000171302 0.999998093 0.001931817 -0.001363515 -0.001803329 -0.001932123 0.999996483 0.057760876
0.999998033 0.000791730 0.001818906 0.008695262 -0.000794909 0.999998152 0.001747697 0.005832795 -0.001817519 -0.001749140 0.999996841 0.113422878
0.999999464 0.000418965 0.000963525 0.037618160 -0.000420920 0.999997854 0.002029623 -0.003891645 -0.000962673 -0.002030028 0.999997497 0.146819830
0.999998868 0.000451779 0.001445098 0.028750056 -0.000453817 0.999998927 0.001410633 0.014247447 -0.001444459 -0.001411287 0.999997973 0.203800067
0.999997795 0.000039974 0.002102525 0.020054730 -0.000042986 0.999998987 0.001432468 0.016253769 -0.002102466 -0.001432555 0.999996781 0.249138847
0.999997914 -0.000460342 0.002004854 0.037766434 0.000458246 0.999999344 0.001045883 0.025540087 -0.002005334 -0.001044962 0.999997437 0.316868305
0.999997556 -0.000800841 0.002052688 0.028478296 0.000796434 0.999997377 0.002147090 0.002623636 -0.002054402 -0.002145450 0.999995589 0.334115475
0.999998808 -0.000409670 0.001499025 0.065040074 0.000407633 0.999998987 0.001358556 0.031608734 -0.001499580 -0.001357944 0.999997973 0.408299744
0.999998689 -0.000760129 0.001409443 0.072674282 0.000758069 0.999998629 0.001461693 0.034602206 -0.001410553 -0.001460622 0.999997914 0.466934115
0.999997079 -0.001379481 0.001969601 0.069201067 0.001376037 0.999997497 0.001748580 0.030335225 -0.001972009 -0.001745865 0.999996543 0.527462959
0.999995947 -0.001466622 0.002431721 0.054803692 0.001462862 0.999997735 0.001547310 0.026013562 -0.002433985 -0.001543747 0.999995828 0.557651281
0.999996245 -0.001604618 0.002210573 0.102099113 0.001603465 0.999998569 0.000523344 0.045522552 -0.002211409 -0.000519797 0.999997437 0.676300585
0.999992788 -0.002731393 0.002638564 0.094578654 0.002730883 0.999996245 0.000196944 0.049408477 -0.002639092 -0.000189737 0.999996483 0.741360784
0.999989867 -0.003687563 0.002590184 0.107168615 0.003687254 0.999993205 0.000124062 0.061726287 -0.002590624 -0.000114510 0.999996662 0.816253603
0.999992788 -0.002785570 0.002570687 0.115762368 0.002783694 0.999995828 0.000732947 0.061331145 -0.002572719 -0.000725786 0.999996424 0.875433981
0.999989092 -0.003945553 0.002500287 0.131132409 0.003941386 0.999990821 0.001669218 0.054827429 -0.002506851 -0.001659345 0.999995470 0.962928832
0.999558628 -0.025487311 -0.015256513 0.711157382 0.025437979 0.999670565 -0.003418765 0.074365281 0.015338621 0.003029161 0.999877751 0.846452296
0.999540567 -0.025555428 -0.016295271 0.740758657 0.025504218 0.999669075 -0.003342949 0.086295702 0.016375311 0.002925815 0.999861598 0.897680700
0.999572098 -0.024798682 -0.015508954 0.734504640 0.024758602 0.999689639 -0.002770945 0.081280611 0.015572854 0.002385780 0.999875903 0.983898759
0.999580383 -0.024433145 -0.015556090 0.732510149 0.024403457 0.999700010 -0.002095675 0.081722185 0.015602627 0.001715174 0.999876797 1.058804870
0.999567866 -0.024022242 -0.016940653 0.843625963 0.023977846 0.999708474 -0.002818975 0.152182966 0.017003430 0.002411555 0.999852479 1.079941154
0.999528408 -0.025652364 -0.016880127 0.855176508 0.025591595 0.999665201 -0.003806209 0.158785895 0.016972112 0.003372424 0.999850273 1.188915491
0.999504566 -0.026675986 -0.016704375 0.842572451 0.026636401 0.999641836 -0.002587756 0.151904345 0.016767422 0.002141529 0.999857068 1.083108664
0.999448240 -0.028756943 -0.016619168 0.841647148 0.028716242 0.999584019 -0.002682377 0.152063996 0.016689392 0.002203657 0.999858260 1.099423289
0.999437034 -0.029188666 -0.016544670 0.844217181 0.029155903 0.999572396 -0.002218311 0.152151838 0.016602345 0.001734686 0.999860644 1.080852151
0.999505103 -0.025921071 -0.017823696 0.933541775 0.025866698 0.999659956 -0.003274513 0.196826205 0.017902518 0.002811852 0.999835670 1.540028214
0.999520779 -0.025059337 -0.018174412 0.932625115 0.025015363 0.999683499 -0.002642755 0.196076930 0.018234888 0.002186849 0.999831259 1.553748131
0.999527574 -0.025109367 -0.017723840 0.930878818 0.025068488 0.999682486 -0.002525085 0.198877707 0.017781617 0.002079582 0.999839664 1.646229386
0.999497712 -0.025937447 -0.018209890 0.950630605 0.025893353 0.999661148 -0.002653217 0.207198068 0.018272538 0.002180369 0.999830604 1.709041834
0.999475121 -0.027411200 -0.017267210 0.930168569 0.027374549 0.999622464 -0.002355432 0.198360518 0.017325260 0.001881514 0.999848068 1.649851680
0.999459982 -0.027940957 -0.017294630 0.930261970 0.027905954 0.999607980 -0.002262072 0.198389471 0.017351057 0.001778227 0.999847829 1.650612473
0.999467254 -0.027591133 -0.017435614 0.960909247 0.027551146 0.999617159 -0.002529614 0.202839777 0.017498733 0.002047894 0.999844790 1.758000731
0.999455154 -0.028139383 -0.017249299 0.960546136 0.028104087 0.999602377 -0.002285198 0.195490927 0.017306745 0.001799177 0.999848604 1.779179454
0.999485254 -0.027725717 -0.016138447 0.917100430 0.027705483 0.999615073 -0.001476033 0.170593947 0.016173160 0.001028150 0.999868631 1.859657288
0.999464035 -0.028347706 -0.016371805 0.916191876 0.028324341 0.999597490 -0.001657216 0.170409977 0.016412193 0.001192606 0.999864519 1.866569161
0.999495625 -0.027577084 -0.015740169 0.911265194 0.027554359 0.999618948 -0.001658704 0.180957049 0.015779911 0.001224157 0.999874651 1.949636936
0.999485850 -0.027795639 -0.015974039 0.925014019 0.027776506 0.999613166 -0.001418369 0.185222849 0.016007282 0.000973937 0.999871373 1.998150706
0.999440312 -0.029368218 -0.016010476 0.929494321 0.029335741 0.999567091 -0.002259648 0.181801215 0.016069908 0.001788704 0.999869227 2.043690443
0.999455571 -0.028999116 -0.015729412 0.941358209 0.028976724 0.999578655 -0.001649700 0.188898623 0.015770627 0.001193015 0.999874830 2.110307693
0.999442101 -0.029744996 -0.015190049 0.917300820 0.029738188 0.999557495 -0.000674179 0.170422420 0.015203382 0.000222078 0.999884307 1.862544894
0.999459445 -0.029115655 -0.015268597 0.917300880 0.029109338 0.999576032 -0.000635810 0.170265347 0.015280636 0.000191007 0.999883175 1.863075376
0.999441922 -0.029807635 -0.015074915 0.916626990 0.029798634 0.999555588 -0.000821248 0.169394329 0.015092694 0.000371577 0.999886036 1.872922659
0.999435484 -0.029735325 -0.015641933 0.939428806 0.029728595 0.999557793 -0.000662663 0.153740615 0.015654720 0.000197276 0.999877453 1.993970633
0.999417126 -0.030372558 -0.015588308 0.941641688 0.030354943 0.999538302 -0.001365451 0.168281868 0.015622582 0.000891473 0.999877572 2.048623323
0.999412596 -0.030584665 -0.015457307 0.918283105 0.030567426 0.999531806 -0.001350135 0.170611188 0.015491362 0.000876852 0.999879599 1.869430423
0.999388993 -0.031350400 -0.015452292 0.918477893 0.031336233 0.999508202 -0.001158167 0.170422927 0.015481001 0.000673242 0.999879897 1.872757792
0.999386549 -0.031128146 -0.016048735 0.945713937 0.031115666 0.999515295 -0.001026800 0.178551495 0.016072918 0.000526803 0.999870658 1.981269717
0.999422252 -0.030122759 -0.015739603 0.937974572 0.030120643 0.999546230 -0.000371542 0.170054585 0.015743652 -0.000102759 0.999876082 2.045089722
0.999427080 -0.029548530 -0.016503410 0.980697632 0.029556116 0.999563098 0.000215982 0.161383659 0.016489817 -0.000703635 0.999863803 2.009503126
0.999436438 -0.030251959 -0.014546378 0.901589096 0.030258449 0.999542058 0.000226228 0.150681838 0.014532872 -0.000666253 0.999894202 2.153325558
0.999429107 -0.030155424 -0.015232498 0.928561330 0.030153925 0.999545157 -0.000328252 0.184050635 0.015235469 -0.000131256 0.999883890 2.211163521
0.999405503 -0.031455249 -0.014110904 0.878374457 0.031458579 0.999505103 0.000014344 0.154468000 0.014103467 -0.000458245 0.999900460 2.206519604
0.999415338 -0.031149888 -0.014097915 0.877661586 0.031158064 0.999514461 0.000360680 0.154201642 0.014079835 -0.000799733 0.999900520 2.212433338
0.999484360 -0.027594721 -0.016411221 1.078599453 0.027559124 0.999617338 -0.002391227 0.268566519 0.016470924 0.001937716 0.999862432 2.655166388
0.999449730 -0.028703932 -0.016619340 1.082104683 0.028662244 0.999585390 -0.002741167 0.274884075 0.016691132 0.002263311 0.999858141 2.723735571
0.999451816 -0.028720887 -0.016461641 1.078670621 0.028690254 0.999586105 -0.002094044 0.268436581 0.016514970 0.001620608 0.999862254 2.655711174
0.999403715 -0.030509742 -0.016165601 1.078388929 0.030490929 0.999534011 -0.001408848 0.268182695 0.016201053 0.000915103 0.999868333 2.657630205
0.999407470 -0.030456914 -0.016029175 1.078727245 0.030446379 0.999535978 -0.000900817 0.268173426 0.016049171 0.000412252 0.999871135 2.659225941
0.999417245 -0.030201685 -0.015897688 1.078405142 0.030199809 0.999543786 -0.000357845 0.268149674 0.015901241 -0.000122472 0.999873579 2.659787893
0.999450862 -0.028866207 -0.016266532 1.117062569 0.028862983 0.999583244 -0.000432997 0.269995689 0.016272252 -0.000036742 0.999867618 2.852240324
0.999412775 -0.030664904 -0.015285437 1.076364994 0.030667013 0.999529600 -0.000096360 0.253364593 0.015281204 -0.000372456 0.999883175 2.895246029
0.999405801 -0.031114761 -0.014826199 1.066269517 0.031114250 0.999515772 -0.000265031 0.251617521 0.014827264 -0.000196432 0.999890029 2.927203894
0.999464393 -0.029426774 -0.014313560 1.086619973 0.029426090 0.999566913 -0.000258174 0.263607711 0.014314957 -0.000163157 0.999897540 3.085696936
0.999405324 -0.031104269 -0.014871520 1.107724786 0.031085709 0.999515593 -0.001477359 0.292024612 0.014910266 0.001014189 0.999888301 3.168188810
0.999334276 -0.034045383 -0.013103615 1.040340304 0.034048371 0.999420166 0.000004943 0.224074632 0.013095852 -0.000451096 0.999914110 3.188111305
0.999301493 -0.035255685 -0.012395857 1.018552303 0.035247456 0.999378204 -0.000881830 0.236316353 0.012419241 0.000444291 0.999922752 3.243651628
0.999341190 -0.033031035 -0.015042657 1.182855368 0.032998536 0.999452531 -0.002403842 0.299744427 0.015113825 0.001905872 0.999883950 3.448774099
0.999366641 -0.032391626 -0.014732190 1.147018433 0.032369275 0.999474406 -0.001752932 0.293261141 0.014781226 0.001274952 0.999889970 3.394809723
0.999356508 -0.033242278 -0.013466662 1.073047161 0.033225521 0.999446809 -0.001466205 0.285095334 0.013507954 0.001017825 0.999908268 3.354391098
0.999254525 -0.035539731 -0.015077366 1.134313345 0.035529681 0.999368191 -0.000934191 0.262891412 0.015101041 0.000397801 0.999885917 3.437299013
0.999296010 -0.034808364 -0.013991872 1.147337675 0.034780022 0.999392390 -0.002263926 0.300108999 0.014062176 0.001775695 0.999899507 3.679495335
0.999322236 -0.034104370 -0.013855994 1.175051570 0.034078371 0.999416947 -0.002108105 0.295511127 0.013919812 0.001634486 0.999901772 3.812870264
0.999324322 -0.034831829 -0.011725577 0.938033581 0.034852348 0.999391258 0.001550331 0.231647655 0.011664439 -0.001957949 0.999930024 3.304021835
0.999287188 -0.035513859 -0.012800037 1.045639038 0.035504688 0.999369085 -0.000942398 0.279420406 0.012825428 0.000487265 0.999917626 3.582281590
0.999227345 -0.037253048 -0.012523752 1.055613995 0.037242182 0.999305665 -0.001099973 0.270460308 0.012556033 0.000632711 0.999920964 3.776720047
0.999274671 -0.035116404 -0.014727386 1.196333528 0.035069246 0.999378979 -0.003448124 0.342406482 0.014839326 0.002929145 0.999885559 4.004768372
0.999191940 -0.037819900 -0.013605344 1.065484762 0.037814960 0.999284565 -0.000619917 0.271909237 0.013619056 0.000104931 0.999907255 3.739287376
0.999181867 -0.037690759 -0.014659111 1.176579714 0.037670363 0.999288857 -0.001664854 0.272389442 0.014711436 0.001111279 0.999891162 4.017971992
0.999068201 -0.041195955 -0.012866203 1.056285024 0.041182790 0.999150753 -0.001286465 0.269198805 0.012908272 0.000755401 0.999916434 4.012237072
0.999011278 -0.042641100 -0.012571746 1.044348836 0.042602006 0.999086559 -0.003361098 0.301518947 0.012703582 0.002822194 0.999915361 4.060879230
0.999000072 -0.042481449 -0.013930695 1.148794889 0.042436071 0.999092996 -0.003537027 0.293642610 0.014068317 0.002942326 0.999896705 4.216091633
0.999144793 -0.038464069 -0.015169745 1.178311825 0.038444608 0.999259472 -0.001572277 0.269364357 0.015218992 0.000987738 0.999883652 4.206061840
0.999237180 -0.036447149 -0.014016883 1.205316663 0.036394745 0.999329567 -0.003975611 0.336943358 0.014152386 0.003462438 0.999893844 4.505629063
0.999244094 -0.036529370 -0.013293423 1.077281713 0.036485363 0.999327898 -0.003538107 0.362141609 0.013413734 0.003050418 0.999905407 4.079131126
0.999108016 -0.039947726 -0.013687832 1.040612698 0.039934773 0.999201536 -0.001218031 0.283341676 0.013725563 0.000670325 0.999905586 3.984530210
0.999116004 -0.039171964 -0.015252775 1.131429076 0.039154723 0.999232173 -0.001427518 0.307861805 0.015296982 0.000829039 0.999882638 4.164539814
0.999174237 -0.038167417 -0.013922565 1.068351626 0.038126007 0.999267757 -0.003227572 0.360527873 0.014035556 0.002694095 0.999897838 4.173446178
0.999189019 -0.037858613 -0.013712926 1.100000381 0.037810195 0.999277771 -0.003773036 0.379038185 0.013845863 0.003251488 0.999898851 4.162672043
0.998944938 -0.045281451 -0.007654317 0.777359188 0.045284826 0.998974025 0.000267610 0.175601676 0.007634345 -0.000613953 0.999970675 4.341170788
0.999230325 -0.036118876 -0.015296975 1.258146882 0.036052406 0.999339342 -0.004598618 0.395949244 0.015452965 0.004043586 0.999872446 4.699075699
0.999124467 -0.039537627 -0.013669971 1.149039865 0.039461471 0.999204218 -0.005796765 0.401833594 0.013888285 0.005252254 0.999889731 4.636585712
0.998924375 -0.045256454 -0.010094852 0.940681875 0.045224614 0.998971164 -0.003360393 0.298420042 0.010236546 0.002900244 0.999943376 4.491989136
0.998832345 -0.047731049 -0.007462069 0.783635020 0.047745537 0.998857915 0.001774844 0.177432254 0.007368834 -0.002129053 0.999970555 4.304836273
0.998805463 -0.048605982 -0.004994777 0.743271470 0.048614483 0.998816311 0.001594494 0.164514750 0.004911363 -0.001835408 0.999986231 4.533427715
0.999018192 -0.042080585 -0.013850078 1.142434955 0.041991953 0.999095976 -0.006628808 0.435296863 0.014116501 0.006040708 0.999882102 4.791532040
0.998819888 -0.047818445 -0.008497742 0.848762631 0.047799226 0.998854041 -0.002450200 0.260453910 0.008605168 0.002041123 0.999960899 4.612661362
0.999052107 -0.042088341 -0.011102397 0.845332503 0.042125657 0.999107420 0.003148924 0.166195393 0.010959953 -0.003613635 0.999933362 4.117335796
0.998920143 -0.044258103 -0.014129126 1.017117739 0.044227291 0.999018431 -0.002485790 0.313656062 0.014225275 0.001858213 0.999897122 4.377137184
0.998946190 -0.044153176 -0.012523646 0.956826985 0.044078261 0.999008894 -0.006196142 0.418031842 0.012784813 0.005637592 0.999902427 4.623908520
0.998874187 -0.044210542 -0.017192936 1.164636970 0.044160672 0.999019086 -0.003269790 0.345471472 0.017320629 0.002506858 0.999846816 4.617173672
0.998793960 -0.046557482 -0.015587939 1.044597030 0.046505634 0.998911142 -0.003672863 0.352877557 0.015741969 0.002943506 0.999871731 4.549458981
0.999019146 -0.041566737 -0.015264763 1.004118204 0.041547600 0.999135256 -0.001568695 0.335067272 0.015316769 0.000932942 0.999882162 4.362509251
0.998969615 -0.042911239 -0.014777782 1.094707727 0.042846147 0.999070585 -0.004693406 0.387973011 0.014965451 0.004055399 0.999879718 4.789304733
0.999044657 -0.041137557 -0.014747091 1.116346836 0.041072313 0.999145150 -0.004700202 0.420884252 0.014927838 0.004090015 0.999880135 4.886706829
0.966981411 0.254776478 0.005995724 1.223907590 -0.254344195 0.963329196 0.085473821 0.496451408 0.016000865 -0.084176578 0.996322274 5.047406197
0.966981411 0.254776478 0.005995724 1.223907590 -0.254344195 0.963329196 0.085473821 0.496451408 0.016000865 -0.084176578 0.996322274 5.047406197
0.966981411 0.254776478 0.005995724 1.223907590 -0.254344195 0.963329196 0.085473821 0.496451408 0.016000865 -0.084176578 0.996322274 5.047406197
0.966981411 0.254776478 0.005995724 1.223907590 -0.254344195 0.963329196 0.085473821 0.496451408 0.016000865 -0.084176578 0.996322274 5.047406197
0.966981411 0.254776478 0.005995724 1.223907590 -0.254344195 0.963329196 0.085473821 0.496451408 0.016000865 -0.084176578 0.996322274 5.047406197
0.966981411 0.254776478 0.005995724 1.223907590 -0.254344195 0.963329196 0.085473821 0.496451408 0.016000865 -0.084176578 0.996322274 5.047406197
0.966981411 0.254776478 0.005995724 1.223907590 -0.254344195 0.963329196 0.085473821 0.496451408 0.016000865 -0.084176578 0.996322274 5.047406197
0.966981411 0.254776478 0.005995724 1.223907590 -0.254344195 0.963329196 0.085473821 0.496451408 0.016000865 -0.084176578 0.996322274 5.047406197
0.966981411 0.254776478 0.005995724 1.223907590 -0.254344195 0.963329196 0.085473821 0.496451408 0.016000865 -0.084176578 0.996322274 5.047406197
0.966981411 0.254776478 0.005995724 1.223907590 -0.254344195 0.963329196 0.085473821 0.496451408 0.016000865 -0.084176578 0.996322274 5.047406197
0.966981411 0.254776478 0.005995724 1.223907590 -0.254344195 0.963329196 0.085473821 0.496451408 0.016000865 -0.084176578 0.996322274 5.047406197
0.966981411 0.254776478 0.005995724 1.223907590 -0.254344195 0.963329196 0.085473821 0.496451408 0.016000865 -0.084176578 0.996322274 5.047406197
0.966981411 0.254776478 0.005995724 1.223907590 -0.254344195 0.963329196 0.085473821 0.496451408 0.016000865 -0.084176578 0.996322274 5.047406197
0.966981411 0.254776478 0.005995724 1.223907590 -0.254344195 0.963329196 0.085473821 0.496451408 0.016000865 -0.084176578 0.996322274 5.047406197
0.966981411 0.254776478 0.005995724 1.223907590 -0.254344195 0.963329196 0.085473821 0.496451408 0.016000865 -0.084176578 0.996322274 5.047406197
0.966981411 0.254776478 0.005995724 1.223907590 -0.254344195 0.963329196 0.085473821 0.496451408 0.016000865 -0.084176578 0.996322274 5.047406197
0.966981411 0.254776478 0.005995724 1.223907590 -0.254344195 0.963329196 0.085473821 0.496451408 0.016000865 -0.084176578 0.996322274 5.047406197
0.966981411 0.254776478 0.005995724 1.223907590 -0.254344195 0.963329196 0.085473821 0.496451408 0.016000865 -0.084176578 0.996322274 5.047406197
0.966981411 0.254776478 0.005995724 1.223907590 -0.254344195 0.963329196 0.085473821 0.496451408 0.016000865 -0.084176578 0.996322274 5.047406197
0.966981411 0.254776478 0.005995724 1.223907590 -0.254344195 0.963329196 0.085473821 0.496451408 0.016000865 -0.084176578 0.996322274 5.047406197
0.966981411 0.254776478 0.005995724 1.223907590 -0.254344195 0.963329196 0.085473821 0.496451408 0.016000865 -0.084176578 0.996322274 5.047406197
0.966981411 0.254776478 0.005995724 1.223907590 -0.254344195 0.963329196 0.085473821 0.496451408 0.016000865 -0.084176578 0.996322274 5.047406197
0.966981411 0.254776478 0.005995724 1.223907590 -0.254344195 0.963329196 0.085473821 0.496451408 0.016000865 -0.084176578 0.996322274 5.047406197
0.966981411 0.254776478 0.005995724 1.223907590 -0.254344195 0.963329196 0.085473821 0.496451408 0.016000865 -0.084176578 0.996322274 5.047406197
0.966981411 0.254776478 0.005995724 1.223907590 -0.254344195 0.963329196 0.085473821 0.496451408 0.016000865 -0.084176578 0.996322274 5.047406197
0.966981411 0.254776478 0.005995724 1.223907590 -0.254344195 0.963329196 0.085473821 0.496451408 0.016000865 -0.084176578 0.996322274 5.047406197
0.966981411 0.254776478 0.005995724 1.223907590 -0.254344195 0.963329196 0.085473821 0.496451408 0.016000865 -0.084176578 0.996322274 5.047406197
0.966981411 0.254776478 0.005995724 1.223907590 -0.254344195 0.963329196 0.085473821 0.496451408 0.016000865 -0.084176578 0.996322274 5.047406197
0.966981411 0.254776478 0.005995724 1.223907590 -0.254344195 0.963329196 0.085473821 0.496451408 0.016000865 -0.084176578 0.996322274 5.047406197
0.966981411 0.254776478 0.005995724 1.223907590 -0.254344195 0.963329196 0.085473821 0.496451408 0.016000865 -0.084176578 0.996322274 5.047406197
0.966981411 0.254776478 0.005995724 1.223907590 -0.254344195 0.963329196 0.085473821 0.496451408 0.016000865 -0.084176578 0.996322274 5.047406197
0.966981411 0.254776478 0.005995724 1.223907590 -0.254344195 0.963329196 0.085473821 0.496451408 0.016000865 -0.084176578 0.996322274 5.047406197
0.966981411 0.254776478 0.005995724 1.223907590 -0.254344195 0.963329196 0.085473821 0.496451408 0.016000865 -0.084176578 0.996322274 5.047406197
0.966981411 0.254776478 0.005995724 1.223907590 -0.254344195 0.963329196 0.085473821 0.496451408 0.016000865 -0.084176578 0.996322274 5.047406197
0.966981411 0.254776478 0.005995724 1.223907590 -0.254344195 0.963329196 0.085473821 0.496451408 0.016000865 -0.084176578 0.996322274 5.047406197
0.966981411 0.254776478 0.005995724 1.223907590 -0.254344195 0.963329196 0.085473821 0.496451408 0.016000865 -0.084176578 0.996322274 5.047406197
0.966981411 0.254776478 0.005995724 1.223907590 -0.254344195 0.963329196 0.085473821 0.496451408 0.016000865 -0.084176578 0.996322274 5.047406197
0.966981411 0.254776478 0.005995724 1.223907590 -0.254344195 0.963329196 0.085473821 0.496451408 0.016000865 -0.084176578 0.996322274 5.047406197
0.966981411 0.254776478 0.005995724 1.223907590 -0.254344195 0.963329196 0.085473821 0.496451408 0.016000865 -0.084176578 0.996322274 5.047406197
0.966981411 0.254776478 0.005995724 1.223907590 -0.254344195 0.963329196 0.085473821 0.496451408 0.016000865 -0.084176578 0.996322274 5.047406197
0.966981411 0.254776478 0.005995724 1.223907590 -0.254344195 0.963329196 0.085473821 0.496451408 0.016000865 -0.084176578 0.996322274 5.047406197
0.966981411 0.254776478 0.005995724 1.223907590 -0.254344195 0.963329196 0.085473821 0.496451408 0.016000865 -0.084176578 0.996322274 5.047406197
0.966981411 0.254776478 0.005995724 1.223907590 -0.254344195 0.963329196 0.085473821 0.496451408 0.016000865 -0.084176578 0.996322274 5.047406197
0.966981411 0.254776478 0.005995724 1.223907590 -0.254344195 0.963329196 0.085473821 0.496451408 0.016000865 -0.084176578 0.996322274 5.047406197
0.966981411 0.254776478 0.005995724 1.223907590 -0.254344195 0.963329196 0.085473821 0.496451408 0.016000865 -0.084176578 0.996322274 5.047406197
0.966981411 0.254776478 0.005995724 1.223907590 -0.254344195 0.963329196 0.085473821 0.496451408 0.016000865 -0.084176578 0.996322274 5.047406197
0.966981411 0.254776478 0.005995724 1.223907590 -0.254344195 0.963329196 0.085473821 0.496451408 0.016000865 -0.084176578 0.996322274 5.047406197
0.966981411 0.254776478 0.005995724 1.223907590 -0.254344195 0.963329196 0.085473821 0.496451408 0.016000865 -0.084176578 0.996322274 5.047406197
0.966981411 0.254776478 0.005995724 1.223907590 -0.254344195 0.963329196 0.085473821 0.496451408 0.016000865 -0.084176578 0.996322274 5.047406197
0.966981411 0.254776478 0.005995724 1.223907590 -0.254344195 0.963329196 0.085473821 0.496451408 0.016000865 -0.084176578 0.996322274 5.047406197
0.966981411 0.254776478 0.005995724 1.223907590 -0.254344195 0.963329196 0.085473821 0.496451408 0.016000865 -0.084176578 0.996322274 5.047406197
0.966981411 0.254776478 0.005995724 1.223907590 -0.254344195 0.963329196 0.085473821 0.496451408 0.016000865 -0.084176578 0.996322274 5.047406197
0.966981411 0.254776478 0.005995724 1.223907590 -0.254344195 0.963329196 0.085473821 0.496451408 0.016000865 -0.084176578 0.996322274 5.047406197
0.966981411 0.254776478 0.005995724 1.223907590 -0.254344195 0.963329196 0.085473821 0.496451408 0.016000865 -0.084176578 0.996322274 5.047406197
0.966981411 0.254776478 0.005995724 1.223907590 -0.254344195 0.963329196 0.085473821 0.496451408 0.016000865 -0.084176578 0.996322274 5.047406197
0.966981411 0.254776478 0.005995724 1.223907590 -0.254344195 0.963329196 0.085473821 0.496451408 0.016000865 -0.084176578 0.996322274 5.047406197
0.966981411 0.254776478 0.005995724 1.223907590 -0.254344195 0.963329196 0.085473821 0.496451408 0.016000865 -0.084176578 0.996322274 5.047406197
0.966981411 0.254776478 0.005995724 1.223907590 -0.254344195 0.963329196 0.085473821 0.496451408 0.016000865 -0.084176578 0.996322274 5.047406197
0.966981411 0.254776478 0.005995724 1.223907590 -0.254344195 0.963329196 0.085473821 0.496451408 0.016000865 -0.084176578 0.996322274 5.047406197
0.966981411 0.254776478 0.005995724 1.223907590 -0.254344195 0.963329196 0.085473821 0.496451408 0.016000865 -0.084176578 0.996322274 5.047406197
0.966981411 0.254776478 0.005995724 1.223907590 -0.254344195 0.963329196 0.085473821 0.496451408 0.016000865 -0.084176578 0.996322274 5.047406197
0.966981411 0.254776478 0.005995724 1.223907590 -0.254344195 0.963329196 0.085473821 0.496451408 0.016000865 -0.084176578 0.996322274 5.047406197
0.966981411 0.254776478 0.005995724 1.223907590 -0.254344195 0.963329196 0.085473821 0.496451408 0.016000865 -0.084176578 0.996322274 5.047406197
0.966981411 0.254776478 0.005995724 1.223907590 -0.254344195 0.963329196 0.085473821 0.496451408 0.016000865 -0.084176578 0.996322274 5.047406197
0.966981411 0.254776478 0.005995724 1.223907590 -0.254344195 0.963329196 0.085473821 0.496451408 0.016000865 -0.084176578 0.996322274 5.047406197
0.966981411 0.254776478 0.005995724 1.223907590 -0.254344195 0.963329196 0.085473821 0.496451408 0.016000865 -0.084176578 0.996322274 5.047406197
0.966981411 0.254776478 0.005995724 1.223907590 -0.254344195 0.963329196 0.085473821 0.496451408 0.016000865 -0.084176578 0.996322274 5.047406197
0.966981411 0.254776478 0.005995724 1.223907590 -0.254344195 0.963329196 0.085473821 0.496451408 0.016000865 -0.084176578 0.996322274 5.047406197
0.966981411 0.254776478 0.005995724 1.223907590 -0.254344195 0.963329196 0.085473821 0.496451408 0.016000865 -0.084176578 0.996322274 5.047406197
0.966981411 0.254776478 0.005995724 1.223907590 -0.254344195 0.963329196 0.085473821 0.496451408 0.016000865 -0.084176578 0.996322274 5.047406197
0.966981411 0.254776478 0.005995724 1.223907590 -0.254344195 0.963329196 0.085473821 0.496451408 0.016000865 -0.084176578 0.996322274 5.047406197
0.966981411 0.254776478 0.005995724 1.223907590 -0.254344195 0.963329196 0.085473821 0.496451408 0.016000865 -0.084176578 0.996322274 5.047406197
0.966981411 0.254776478 0.005995724 1.223907590 -0.254344195 0.963329196 0.085473821 0.496451408 0.016000865 -0.084176578 0.996322274 5.047406197
0.966981411 0.254776478 0.005995724 1.223907590 -0.254344195 0.963329196 0.085473821 0.496451408 0.016000865 -0.084176578 0.996322274 5.047406197
0.966981411 0.254776478 0.005995724 1.223907590 -0.254344195 0.963329196 0.085473821 0.496451408 0.016000865 -0.084176578 0.996322274 5.047406197
0.966981411 0.254776478 0.005995724 1.223907590 -0.254344195 0.963329196 0.085473821 0.496451408 0.016000865 -0.084176578 0.996322274 5.047406197
0.966981411 0.254776478 0.005995724 1.223907590 -0.254344195 0.963329196 0.085473821 0.496451408 0.016000865 -0.084176578 0.996322274 5.047406197
0.966981411 0.254776478 0.005995724 1.223907590 -0.254344195 0.963329196 0.085473821 0.496451408 0.016000865 -0.084176578 0.996322274 5.047406197
0.966981411 0.254776478 0.005995724 1.223907590 -0.254344195 0.963329196 0.085473821 0.496451408 0.016000865 -0.084176578 0.996322274 5.047406197
0.966981411 0.254776478 0.005995724 1.223907590 -0.254344195 0.963329196 0.085473821 0.496451408 0.016000865 -0.084176578 0.996322274 5.047406197
0.966981411 0.254776478 0.005995724 1.223907590 -0.254344195 0.963329196 0.085473821 0.496451408 0.016000865 -0.084176578 0.996322274 5.047406197
0.966981411 0.254776478 0.005995724 1.223907590 -0.254344195 0.963329196 0.085473821 0.496451408 0.016000865 -0.084176578 0.996322274 5.047406197
0.966981411 0.254776478 0.005995724 1.223907590 -0.254344195 0.963329196 0.085473821 0.496451408 0.016000865 -0.084176578 0.996322274 5.047406197
0.966981411 0.254776478 0.005995724 1.223907590 -0.254344195 0.963329196 0.085473821 0.496451408 0.016000865 -0.084176578 0.996322274 5.047406197
0.966981411 0.254776478 0.005995724 1.223907590 -0.254344195 0.963329196 0.085473821 0.496451408 0.016000865 -0.084176578 0.996322274 5.047406197
0.966981411 0.254776478 0.005995724 1.223907590 -0.254344195 0.963329196 0.085473821 0.496451408 0.016000865 -0.084176578 0.996322274 5.047406197
0.966981411 0.254776478 0.005995724 1.223907590 -0.254344195 0.963329196 0.085473821 0.496451408 0.016000865 -0.084176578 0.996322274 5.047406197
0.966981411 0.254776478 0.005995724 1.223907590 -0.254344195 0.963329196 0.085473821 0.496451408 0.016000865 -0.084176578 0.996322274 5.047406197
0.966981411 0.254776478 0.005995724 1.223907590 -0.254344195 0.963329196 0.085473821 0.496451408 0.016000865 -0.084176578 0.996322274 5.047406197
0.966981411 0.254776478 0.005995724 1.223907590 -0.254344195 0.963329196 0.085473821 0.496451408 0.016000865 -0.084176578 0.996322274 5.047406197
0.966981411 0.254776478 0.005995724 1.223907590 -0.254344195 0.963329196 0.085473821 0.496451408 0.016000865 -0.084176578 0.996322274 5.047406197
0.966981411 0.254776478 0.005995724 1.223907590 -0.254344195 0.963329196 0.085473821 0.496451408 0.016000865 -0.084176578 0.996322274 5.047406197
0.966981411 0.254776478 0.005995724 1.223907590 -0.254344195 0.963329196 0.085473821 0.496451408 0.016000865 -0.084176578 0.996322274 5.047406197
0.966981411 0.254776478 0.005995724 1.223907590 -0.254344195 0.963329196 0.085473821 0.496451408 0.016000865 -0.084176578 0.996322274 5.047406197
0.966981411 0.254776478 0.005995724 1.223907590 -0.254344195 0.963329196 0.085473821 0.496451408 0.016000865 -0.084176578 0.996322274 5.047406197
0.966981411 0.254776478 0.005995724 1.223907590 -0.254344195 0.963329196 0.085473821 0.496451408 0.016000865 -0.084176578 0.996322274 5.047406197
0.966981411 0.254776478 0.005995724 1.223907590 -0.254344195 0.963329196 0.085473821 0.496451408 0.016000865 -0.084176578 0.996322274 5.047406197
0.966981411 0.254776478 0.005995724 1.223907590 -0.254344195 0.963329196 0.085473821 0.496451408 0.016000865 -0.084176578 0.996322274 5.047406197
0.966981411 0.254776478 0.005995724 1.223907590 -0.254344195 0.963329196 0.085473821 0.496451408 0.016000865 -0.084176578 0.996322274 5.047406197
0.966981411 0.254776478 0.005995724 1.223907590 -0.254344195 0.963329196 0.085473821 0.496451408 0.016000865 -0.084176578 0.996322274 5.047406197
0.966981411 0.254776478 0.005995724 1.223907590 -0.254344195 0.963329196 0.085473821 0.496451408 0.016000865 -0.084176578 0.996322274 5.047406197
0.966981411 0.254776478 0.005995724 1.223907590 -0.254344195 0.963329196 0.085473821 0.496451408 0.016000865 -0.084176578 0.996322274 5.047406197
0.966981411 0.254776478 0.005995724 1.223907590 -0.254344195 0.963329196 0.085473821 0.496451408 0.016000865 -0.084176578 0.996322274 5.047406197
0.966981411 0.254776478 0.005995724 1.223907590 -0.254344195 0.963329196 0.085473821 0.496451408 0.016000865 -0.084176578 0.996322274 5.047406197
0.966981411 0.254776478 0.005995724 1.223907590 -0.254344195 0.963329196 0.085473821 0.496451408 0.016000865 -0.084176578 0.996322274 5.047406197
0.966981411 0.254776478 0.005995724 1.223907590 -0.254344195 0.963329196 0.085473821 0.496451408 0.016000865 -0.084176578 0.996322274 5.047406197
0.966981411 0.254776478 0.005995724 1.223907590 -0.254344195 0.963329196 0.085473821 0.496451408 0.016000865 -0.084176578 0.996322274 5.047406197
0.966981411 0.254776478 0.005995724 1.223907590 -0.254344195 0.963329196 0.085473821 0.496451408 0.016000865 -0.084176578 0.996322274 5.047406197
0.966981411 0.254776478 0.005995724 1.223907590 -0.254344195 0.963329196 0.085473821 0.496451408 0.016000865 -0.084176578 0.996322274 5.047406197
0.966981411 0.254776478 0.005995724 1.223907590 -0.254344195 0.963329196 0.085473821 0.496451408 0.016000865 -0.084176578 0.996322274 5.047406197
0.966981411 0.254776478 0.005995724 1.223907590 -0.254344195 0.963329196 0.085473821 0.496451408 0.016000865 -0.084176578 0.996322274 5.047406197
